1.62944737278636	1.06340501875317	0.782727515450093	1.61942194415863	1.07110360588181	0.373565481997988	1.02976527817270	1.38759877518865	1.30916634249729	1.04074282476234
1.06340501875317	1.94118556352123	0.992878626817135	0.517208495100262	1.18183892598181	0.821589015480890	0.676856398085544	1.17001770416060	1.62303595745585	1.01344254505951
0.782727515450093	0.992878626817135	1.69825861173755	1.21091623271844	1.44425194300678	1.41283813455217	1.24908951979006	1.20651184560298	1.24074198133028	0.701984240820535
1.61942194415863	0.517208495100262	1.21091623271844	0.0923427812623079	0.892331682372911	0.986069563521923	1.39390534563250	0.560624448785850	1.49994565712949	0.813613310604920
1.07110360588181	1.18183892598181	1.44425194300678	0.892331682372911	0.373745209108757	0.608762077346608	1.33648945324670	1.57557663329849	1.62655849468788	1.68869736621154
0.373565481997988	0.821589015480890	1.41283813455217	0.986069563521923	0.608762077346608	0.996728103964286	1.91903538372153	0.690369492650942	0.871106769800151	0.353718147964867
1.02976527817270	0.676856398085544	1.24908951979006	1.39390534563250	1.33648945324670	1.91903538372153	1.09443105992761	0.335219693259887	0.906494234669779	0.826331914995929
1.38759877518865	1.17001770416060	1.20651184560298	0.560624448785850	1.57557663329849	0.690369492650942	0.335219693259887	0.502167715952062	1.36977377042513	0.942679489960935
1.30916634249729	1.62303595745585	1.24074198133028	1.49994565712949	1.62655849468788	0.871106769800151	0.906494234669779	1.36977377042513	0.760891693950713	0.579723710226463
1.04074282476234	1.01344254505951	0.701984240820535	0.813613310604920	1.68869736621154	0.353718147964867	0.826331914995929	0.942679489960935	0.579723710226463	0.674245288797763
